import numpy as np

predefined_grids = {
    'Scenario 1': {'start': (0, 0), 'goal': (3, 3),
                   'grid': np.array([
                       [0, 0, 0, 0, 1],
                       [0, 1, 0, 0, 1],
                       [0, 1, 0, 1, 0],
                       [0, 0, 0, 0, 0],
                       [0, 1, 1, 1, 0]])},
    'Scenario 2': {'start': (0, 0), 'goal': (4, 4),
                   'grid': np.array([
                       [0, 0, 0, 0, 1],
                       [0, 1, 0, 0, 1],
                       [0, 1, 0, 1, 0],
                       [0, 0, 0, 0, 0],
                       [0, 1, 1, 1, 0]])},
    'Scenario 3': {'start': (0, 0), 'goal': (4, 4),
                   'grid': np.array([
                       [0, 0, 0, 0, 0],
                       [0, 1, 1, 0, 1],
                       [0, 1, 0, 0, 0],
                       [0, 0, 0, 1, 1],
                       [0, 1, 0, 0, 0]])},
    'Scenario 4': {'start': (0, 1), 'goal': (4, 4),
                   'grid': np.array([
                       [0, 1, 0, 0, 0],
                       [0, 1, 0, 0, 0],
                       [0, 1, 0, 0, 0],
                       [0, 0, 0, 1, 1],
                       [0, 0, 0, 0, 0]])},
    'Scenario 5': {'start': (0, 0), 'goal': (4, 4),
                   'grid': np.array([
                       [0, 0, 0, 0, 0],
                       [0, 1, 1, 1, 1],
                       [0, 1, 0, 0, 0],
                       [0, 1, 0, 0, 0],
                       [0, 1, 0, 0, 0]])},
}